10
0
0
0
0
0
0
0
0
103
27622
0
0
614
0
0
0
0
0
0
0
0
0
0
0
0
0
0
0
0
0
0
247999
155
8946
2848
31
485
42
6546
11231
11225
1189
699
13998
4318
15231
1370
4302
3778
2779
1608
1217
1173
982
727
878
727
7186
185
231
10319
784
65
364
2347
884
2004
1605
2683
1501
767
723
2023
170
343
1590
1379
2568
1634
1515
206
1903
2407
3344
932
587
666
466
389
133
3243
1542
3209
33
21829
1275
40447
7264
18820
20978
68319
16892
10667
11729
36296
949
4160
27145
16259
35644
35382
19290
1304
38266
41679
48910
15917
5236
4582
5394
7385
1488
766
136
765
64
0